1, Laptopuri, 5, 1200.50, 1300.75, 1400.00, 1500.25, 1600.50
2, Telefoane, 4, 900.00, 950.50, 1000.25, 1050.75
3, Tablete, 3, 600.25, 650.50, 700.75
4, Televizoare, 6, 1500.00, 1600.25, 1700.50, 1800.75, 1900.00, 2000.25
5, Camere foto, 2, 800.75, 850.50
6, Sisteme audio, 4, 300.00, 350.25, 400.50, 450.75
7, Smartwatch-uri, 3, 400.25, 450.50, 500.75
8, Console de jocuri, 5, 700.00, 750.25, 800.50, 850.75, 900.00
9, Imprimante, 3, 200.50, 250.75, 300.00
10, Accesorii IT, 4, 100.00, 150.25, 200.50, 250.75
